
>> X = [X ; ans]
Error using vertcat
Dimensions of matrices being concatenated are not consistent.
 
>> X

X =

    0.3476    0.0077
    0.7081    0.6842
    0.0024    0.4943
    0.1539    0.3104
    0.6410    0.3485
    0.9941    0.3843

>> X = [X ; ans]
Error using vertcat
Dimensions of matrices being concatenated are not consistent.
 
>> ans

ans =

     1
     1
     1
     1
     1
     1

>> size(ans)

ans =

     6     1

>> size(X)

ans =

     6     2

>> X = [X  ans]
Error using horzcat
Dimensions of matrices being concatenated are not consistent.
 
>> X = [X  , ans]
Error using horzcat
Dimensions of matrices being concatenated are not consistent.
 
>> X = [X  : ans]

X =

    0.3476    1.3476    2.3476    3.3476    4.3476    5.3476

>> X = [ 0.3476    0.0077
    0.7081    0.6842
    0.0024    0.4943
    0.1539    0.3104
    0.6410    0.3485
    0.9941    0.3843]

X =

    0.3476    0.0077
    0.7081    0.6842
    0.0024    0.4943
    0.1539    0.3104
    0.6410    0.3485
    0.9941    0.3843

>> Y = ones(size(X,1),1)

Y =

     1
     1
     1
     1
     1
     1

>> X = [X Y]

X =

    0.3476    0.0077    1.0000
    0.7081    0.6842    1.0000
    0.0024    0.4943    1.0000
    0.1539    0.3104    1.0000
    0.6410    0.3485    1.0000
    0.9941    0.3843    1.0000

>> H

H =

   -0.0769   -0.6719    0.2140
   -0.5702   -0.3873    0.1474
   -0.0002   -0.0019    0.0006

>> H (:) = H(:) ./ H(3,3)

H =

   1.0e+03 *

   -0.1263   -1.1032    0.3513
   -0.9361   -0.6359    0.2420
   -0.0003   -0.0031    0.0010

>> X

X =

    0.3476    0.0077    1.0000
    0.7081    0.6842    1.0000
    0.0024    0.4943    1.0000
    0.1539    0.3104    1.0000
    0.6410    0.3485    1.0000
    0.9941    0.3843    1.0000

>> Y = H*X'

Y =

  298.9002 -492.9329 -194.3150  -10.5719 -114.1191 -198.2062
  -88.3309 -856.0143  -74.6324  -99.5045 -579.7157 -933.0248
    0.8592   -1.3885   -0.5548   -0.0275   -0.3106   -0.5415

>> Y'

ans =

  298.9002  -88.3309    0.8592
 -492.9329 -856.0143   -1.3885
 -194.3150  -74.6324   -0.5548
  -10.5719  -99.5045   -0.0275
 -114.1191 -579.7157   -0.3106
 -198.2062 -933.0248   -0.5415

>> Y(:,:) = Y(:,:) ./ Y(:,3)

Y =

   -1.5382    2.5368    1.0000    0.0544    0.5873    1.0200
    1.1835   11.4697    1.0000    1.3333    7.7676   12.5016
   -1.5487    2.5025    1.0000    0.0495    0.5597    0.9760

>> Y = [  298.9002  -88.3309    0.8592
 -492.9329 -856.0143   -1.3885
 -194.3150  -74.6324   -0.5548
  -10.5719  -99.5045   -0.0275
 -114.1191 -579.7157   -0.3106
 -198.2062 -933.0248   -0.5415]

Y =

  298.9002  -88.3309    0.8592
 -492.9329 -856.0143   -1.3885
 -194.3150  -74.6324   -0.5548
  -10.5719  -99.5045   -0.0275
 -114.1191 -579.7157   -0.3106
 -198.2062 -933.0248   -0.5415

>> Y(:,:) = Y(:,:) ./ Y(:,3)

Y =

   1.0e+03 *

    0.3479   -0.1028    0.0010
    0.3550    0.6165    0.0010
    0.3502    0.1345    0.0010
    0.3844    3.6183    0.0010
    0.3674    1.8664    0.0010
    0.3660    1.7230    0.0010

>> X

X =

    0.3476    0.0077    1.0000
    0.7081    0.6842    1.0000
    0.0024    0.4943    1.0000
    0.1539    0.3104    1.0000
    0.6410    0.3485    1.0000
    0.9941    0.3843    1.0000

>> Y

Y =

   1.0e+03 *

    0.3479   -0.1028    0.0010
    0.3550    0.6165    0.0010
    0.3502    0.1345    0.0010
    0.3844    3.6183    0.0010
    0.3674    1.8664    0.0010
    0.3660    1.7230    0.0010

>> H

H =

   1.0e+03 *

   -0.1263   -1.1032    0.3513
   -0.9361   -0.6359    0.2420
   -0.0003   -0.0031    0.0010

>> homography(X,Y,6)

ans =

   -0.0769   -0.6719    0.2140
   -0.5701   -0.3873    0.1474
   -0.0002   -0.0019    0.0006

>> H1 = homography(X,Y,6)

H1 =

   -0.0769   -0.6719    0.2140
   -0.5701   -0.3873    0.1474
   -0.0002   -0.0019    0.0006

>> H1 (:) = H1(:) / H1(3,3)

H1 =

   1.0e+03 *

   -0.1263   -1.1033    0.3513
   -0.9361   -0.6360    0.2420
   -0.0003   -0.0031    0.0010

>> H

H =

   1.0e+03 *

   -0.1263   -1.1032    0.3513
   -0.9361   -0.6359    0.2420
   -0.0003   -0.0031    0.0010

>> 